754058272616480861
970202828859645952
1077153585550348348
860103893785772044
1132286249114288268
1132667832161804388
408785106942164992
1080940217374085210
1076034107030654996
960077074691932160
1153551749391589387
907914437669818398
1180838229944041563
978246077218189332
354789930049863681
1149897732744548472
1034480923296669766
873934253468024852
1080409941401153557
1083422053853569205
1064172681227948053
1201528688508948551
992325783148302377
893855522606964799
890528177435324446
986299023835168788
1087675458864287756
416358583220043796
1107679467402436830
872091248297664522
922027080064073729
920177748838866954
851866772478361610
1014130331705675826
903527987901771777
1176478356410216538
824119071556763668
1113710701433847869
983719466225504266
745673943100424386
1110175815322320966
1008679021522993153
1153315461501562890
1070936150618931270
982215033163489281
929018241400078376
1083097616335769710
923588514661163058
536991182035746816
1134876107733225573
679701005277069400
1073470635235352636
1105392479215296584
466292661691613204
1083795949811421376
1198138422431334450
470602745976455169
515067662028636170
1162357795904045126
921408514797223947
865838981673648140
1114530750650396793
940532842042122300
986217693650767883
1144928701419626496
1072372962474332173
1032879148772884531
985471985230446632
1139182193143459934
1208304610226217060
1154812402395779173
1168296808741613598
1038013971158028299
1141290790665076738
880316048879026226
1177990124508827679
692611377533288480
1093767001228460102
975313766864527462
1112652483760771223
1164541113999294604
1123117055206490133
1180080879738032199
1181609560973262859
995338161611874344
1181127674157092874
824459396213506069
1087743426004520970
836958124211699793
932586160188964874
1087757728123985970
1181196951350431774
723168741273108490
741614791432339486
973885224100454420
1132978060224909353
1181155273734373459
1035938779011219578
944598837534806117
1177853032583663652
1114107127443759215
1121242177360633978
1008400836956803245
1119308837393014936
1110777972568379422
1121002796913795145
1124193846541160458
1019153113279631421
762319779406151721
1147586726706024498
1112347070758670366
874657711650930728
935035616566055012
1057928888732364891
1099825512387444787
973503556739018812
1147546385676243094
994664361698271404
1045257193592729610
1064968155170099321
1051852446319775776
1082785094588174376
891528373342457937
899899858981371935
1048244062462951494
1200778104415727677
928265853550620744
971271811989897226
1065294643580915802
1091490239417172081
1106246278150639807
964793361133371443
810899237532598282
1142817396852277318
1133743149513195521
978644982334365736
1172396656516403232
834314021343330315
768029002647470081
1051345537938489344
887539567417245729
975212288804024360
1166965272595398657
807140691217088522
1021731886940311592
1129628153053184020
1175072554529083492
999954391345942558
871398087204167691
1077585055439917128
739139700060586035
1049708274032853003
1060583011579592795
382601484988186625
1014447840937918515
1090521569866027038
1116587498810921050
1111993116438831144
1000231848175227010
875025043342643240
593170648197758976
1094227864494284964
1054951271821475870
761796596975009835
1190876564150292520
810880569994772492
991342657857134593
948599665396428840
995414700089147483
1090273689142054993
720885852875653130
965213436709588993
810540985032900648
745124156529705092
767785311236522035
779579654158942240
1024365860246278244
723530591286591529
1161801171401441370
847346089416851517
1081927472234385568
1207730967045865643
1020941539326832651
964005823577743391
1048151883778371634
733692019733561404
794240234728194099
761215990112583690
1163126755238879383
1109723805154295878
1111541748481663006
1161221308990881802
903713569483403316
1133395230960402482
859450034997952523
739832729251872828
1120927128087707720
1188040802589474837
1132643366048366682
1104744664420069397
1128967221197152397
1041448041909071912
1201897997164609569
1194954899411189831
1150435419201216522
1188139812759293962
872351323675320370
1128002100132069498
1156997036558782494
1034679120170324018
1153624094122717224
1106434357377380453
911122364153094215
1093013333168357449
1192714638144589888
997476373834772541
957930254964514816
934420598019481621
715607626234331146
1140151178265632830
981000580799541278
304451191780278274
917760939502206976
1154282953950634004
1123450720453148723
1001390784135823400
932213539656040468
1208760720074743830
1127193182107619418
885378160831635466
1078250854001414214
1089018540100702238
959687924486656030
1060467851502297098
974551854358888479
1062566497144287322
1153956701339398276
916391243930533988
933952270876409967
1147853479231094885
1031526858132570153
1126387211454140566
1027876490261565453
1020333602321469561
1176073555486715945
1124732128735809537
855374333701521408
1166692931760041994
945313753329709087
920624620279828502
1095386141588471979
1024168675395248158
1159522812818628668
1086929129938632796
1153946731503964170
1060647751362289664
1143925363974610994
767015608902221845
864358245430722591
781654965893988383
739804596603584583
742991908833460318
1007858931114201139
833331093872050176
1122756592346071060
1115616437801852928
858250692682973204
1161122769732378624
776159807207768064
1114100343777792072
1013771497157972008
1156422851302281216
240254129333731328
820962651478687754
987998131193004062
1205014176666488838
877425152701394964
1102541862901923881
1042345509219737610
925389922813222923
1208701835729305644
1192848609306214451
1205805753739509790
1096867816143069216
1199719947891392687
1029737565324054628
964405307591786526
1073859065479974973
392904660874297345
490135040135790604
1112731542364635156
1181150340037480509
1045305719370567741
1026752851944415243
1191016714603864176
890162479269818388
1160236260514856984
1123132397773398078
1106379890695086130
944243016015704114
534302179922804736
1111890826189099108
1112005754988269610
855845590571024424
1017374341501034497
1087282349395411015
1068805488013221981
1196019857586663426
984459360380018750
1103331364503289856
926086064614031401
1088878669520453662
765194854518489110
1194650963303219280
924334430481416314
1083921391918784523
763371492682891284
805453108700119060
1139559951556165653
894900517023670342
1153676354903085066
900936619840917555
1094628467796086866
1155114713542295713
909318561443504179
925386584956731413
1138494599036407961
834695727350677506
1106461534479188081
1077493764932763659
1143807386927239188
828612948464893963
895610821785292821
1156544801144066120
797903766607233024
1115504736196640770
1033012717616893983
1038809249427505172
1131172157045620788
1114158967162163220
1198988801310208162
1202163087415705604
1142715445540028567
972843719147544586
1111249987192488078
1107685078206791740
888343223490191370
1182615232108052510
1152870979916279840
155149108183695360
1154619421772501092
1078223569407987793
1157942834784129084
1156203270373642261
1187427811661730016
735809847466917948
669497014710435857
1175784353587019819
759020733845995570
1173667367469993994
1074265880034283561
932282979387076638
608002775732846612
529897118123425792
651095740390834176
1090579090953736192
1083647690300207134
911155151660797952
746950547176947722
1049026265488818237
996423868317188116
1136963363260354601
1102572816194351175
844977768780529685
966673945640194128
1064395454135160853
1133335335334592543
1155041031021142157
1152504765423570944
1073568124546322503
1128703820524953701
820289272426266674
1181242469518684350
921835168426246204
1110869799858339891
1027107162532610069
946740467586990102
924616449715212368
926143423352823849
964071854585303061
1161685174732472351
1150739726668664833
1072912662087864320
913605128362295346
1077615909583196220
1139851982920745030
928271617329594408
880672228247752714
894542481268568075
1115923343812603945
800679303960068127
881601822232547368
1032670682456273069
1063040906690822144
1199703252787277946
622712983113564161
921326744051544064
928398390528716890
1185933776795222108
1052621874108043274
1006543467742232650
848807493890736128
1051167549557047306
651481314419146784
1068035936878862376
975333944235024415
1042635506242048050
999498967391944825
868359708736626708
950777228910813204
1090599168583684096
1181514492002193482
1088810488562982952
999258096587251762
1051149419732545586
1210830587166855168
985797353615261706
972360054680481862
990552257089122344
1067665286184042546
987323455366123541
1183299927258955842
1161690324268228714
619343582603640842
976805696219795496
1113401463050338395
1165223462420357152
1013456440985387128
411916947773587456
928251362381295627
709058176829358110
1168565840183042109
925347670934056980
1077209764825677837
1022781899296473148
1162665906598596689
1138391604093276242
922749735205494804
1077335476480004148
881076963597516851
1161295357653823559
1165892817877471275
901501073645244467
1179717659982565439
936134713314267136
1183704958491693116
981140548104638475
1117276708253466696
1200780624710094879
1104137730776125651
1091727028623003698
867297099150131222
928442176206143508
1181112367287914497
1166965745356390431
1111746405111967775
1081862276400828486
1132832429493731392
1153409572317433857
493716749342998541
1108790562154360974
1005753697084649553
1041252365770166332
1153275807289057302
1097541898886975602
1150856501993426985
1089103754055401483
1165290218325299233
1210196489721348147
1020066362967736340
1125978119447265411
1064486500697378896
1106980800966164540
1101154557746221056
1131838778839928833
866642198312648734
1183444961098727444
1209905996089139292
711769701541347381
768484233927852073
870167963653779516
956589403034234881
409665967627436033
1115502524359786526
1166011693990678620
1080469978156912741
1032712774444396584
1049607446559211540
1040197063494877184
1038023515783303270
1093761324976185414
1095343350565056563
1088387715030073358
1124026165892485211
1183402370894413840
1113634636975849472
1114029683156189215
853896824275337227
778145891362144256
1074700555655581746
1200749507307114568
959404019804176406
1152224490487554119
1128580964638003241
1134061864477806662
835500427244077116
1043826986285543424
302050872383242240
893744080880807986
1074525299791900766
1209029269628653588
1019464894418010142
687482572703662108
1105731128918294578
1207178261554266163
1122827312195457137
1060038161599836211
924580091672014928
1056511134104047656
824655381531721742
926519241723760651
1160856946870595674
952811436269240340
1048966274165788763
1130788311875727381
1111490781962850375
1100100439757815899
856741116912861276
1049291500955127808
1099938196252528692
1086649877443907664
850318586156285982
1140543795562303498
1172398340361687122
988300711039221810
1116386597198376980
1086567184920227900
1176792870385107015
1172768480735531012
1095585310823419906
1172712777186554018
852431967102304266
1194874777559638029
1141046977208004779
1071083902262837268
1074329251572105266
1112224910614470707
1208544512247603254
1155171236138188860
776521904533274654
1124370528862490745
1052373492659654728
1104586286477619243
1141692146726994070
1062197782217232465
1113638582381445212
437808476106784770
924584693054185472
1087386923477254275
1037578937208942652
993018193016799313
1059693801507127356
773932396881117187
839001015667130388
794891074501214268
905304021391257621
727407559928971304
184405311681986560
862649468499132456
1077961505376583782
1194345830602256477
901517256603885579
235148962103951360
1088397531752439848
1181506685471309866
1025436575426936852
867661564021309441
927442193394831440
1071351158091825172
1151895848100307095
1056125032633470976
786622895227928635
1206104962380075081
1191601019411497012
1157578077694591038
449143993935069188
954364438402695219
979740152001875980
1142020455067308132
1209063595049099275
1040977997429223434
1207701687809089608
1177310866400624752
992367575348543509
1044894164946522184
1113908006455869446
1049610288913195098
1008290782165348413
1155574409772417146
1176160895450218549
1181495359223115910
1091047101871427628
1116339275592642661
824152021619834921
270904126974590976
1018162924394651749
626823102634000397
1158068806233624676
973805949431218186
1090144616365445130
1191784612305846293
1176584831358996632
1111425093843828756
1158068935959253062
1120664591211446313
1123282586471497748
1008329758397960212
1209908589611716709
753821837154058350
1077763238940381334
712948142743486465
1118755107866169465
858226306688221244
1083738789073129533
581784522169909249
1151792047968243792
1132637804699062382
780129485801390122
1141984122592575558
1019948002489684048
1061134609691193344
930049827667079188
1177214021343137847
1130818034047660163
924504728283545660
854048243298205707
1139400638309085204
1044606310626365511
783233363719880736
1184083255490773038
1208236406837874709
696217812519092284
1149246860297523250
1193123923043291247
1084926215711883498
1064060362594463764
1169870057715802185
1021591755273019462
1178267760359395359
1102167411001671680
1109834302792941568
1129591433934938232
1095980948128006277
867410335869566997
749445141214789713
1096417683588796586
693379908570841109
1140999483770023977
1030891830675513484
845852828471263252
1064405456442892379
870157257055305749
1051485485698125844
